Camera(uid=0, colmap_id=1, position=[-1.6899877  -3.04847854 -0.4407217 ], rotation=[[ 0.99751257 -0.05654176  0.04209156]
 [ 0.05676238  0.99837945 -0.00406389]
 [-0.04179357  0.006443    0.99910549]], FoVx=1.3052592610252176, FoVy=0.808407483219487, image_name=1)
Camera(uid=1, colmap_id=1, position=[-1.9371451 -1.6857386 -0.2207356], rotation=[[ 0.99894542 -0.02690308  0.03720573]
 [ 0.02669715  0.99962544  0.00602053]
 [-0.03735377 -0.0050209   0.99928949]], FoVx=1.3052592610252176, FoVy=0.808407483219487, image_name=10)
Camera(uid=2, colmap_id=1, position=[-1.55648203 -2.8960511  -0.28972206], rotation=[[ 0.98821795 -0.14937071  0.03337183]
 [ 0.14919971  0.9887781   0.007571  ]
 [-0.03412822 -0.00250273  0.99941433]], FoVx=1.3052592610252176, FoVy=0.808407483219487, image_name=100)
Camera(uid=3, colmap_id=1, position=[-1.55268344 -3.06165272 -0.30272581], rotation=[[ 0.98825462 -0.14916426  0.03320894]
 [ 0.1489773   0.98880786  0.00804865]
 [-0.03403783 -0.00300674  0.99941602]], FoVx=1.3052592610252176, FoVy=0.808407483219487, image_name=101)
Camera(uid=4, colmap_id=1, position=[-1.54503476 -3.23199838 -0.3115207 ], rotation=[[ 0.98854325 -0.14751733  0.0319512 ]
 [ 0.14733268  0.98905406  0.00807135]
 [-0.03279213 -0.00327142  0.99945684]], FoVx=1.3052592610252176, FoVy=0.808407483219487, image_name=102)
Camera(uid=5, colmap_id=1, position=[-1.54222378 -3.39113797 -0.31769122], rotation=[[ 0.98854488 -0.14752791  0.03185191]
 [ 0.14737711  0.98905529  0.00704426]
 [-0.03254253 -0.00226932  0.99946778]], FoVx=1.3052592610252176, FoVy=0.808407483219487, image_name=103)
Camera(uid=6, colmap_id=1, position=[-1.53889554 -3.55118169 -0.33048548], rotation=[[ 0.98843474 -0.14805626  0.03280425]
 [ 0.14789893  0.98897638  0.00718515]
 [-0.03350643 -0.00225034  0.99943597]], FoVx=1.3052592610252176, FoVy=0.808407483219487, image_name=104)
Camera(uid=7, colmap_id=1, position=[-1.52817793 -3.71476189 -0.34009706], rotation=[[ 0.98842675 -0.14789855  0.03374272]
 [ 0.1477531   0.98900105  0.00677808]
 [-0.03437406 -0.00171404  0.99940757]], FoVx=1.3052592610252176, FoVy=0.808407483219487, image_name=105)
Camera(uid=8, colmap_id=1, position=[-1.52177726 -3.88104004 -0.34699233], rotation=[[ 9.88332425e-01 -1.48363496e-01  3.44570901e-02]
 [ 1.48251098e-01  9.88932694e-01  5.80850995e-03]
 [-3.49375138e-02 -6.32437286e-04  9.99389299e-01]], FoVx=1.3052592610252176, FoVy=0.808407483219487, image_name=106)
Camera(uid=9, colmap_id=1, position=[-1.51512705 -4.04347032 -0.35865221], rotation=[[ 0.98826171 -0.14896659  0.03387835]
 [ 0.1488283   0.98884115  0.00658182]
 [-0.03448078 -0.0014625   0.99940429]], FoVx=1.3052592610252176, FoVy=0.808407483219487, image_name=107)
Camera(uid=10, colmap_id=1, position=[-1.51033241 -4.20679812 -0.36370968], rotation=[[ 9.88036921e-01 -1.50354575e-01  3.43008055e-02]
 [ 1.50251653e-01  9.88632074e-01  5.57346403e-03]
 [-3.47488723e-02 -3.53035493e-04  9.99396013e-01]], FoVx=1.3052592610252176, FoVy=0.808407483219487, image_name=108)
Camera(uid=11, colmap_id=1, position=[-1.47867873 -4.38307384 -0.36609175], rotation=[[ 9.88583908e-01 -1.46704101e-01  3.43476772e-02]
 [ 1.46639471e-01  9.89180188e-01  4.40694790e-03]
 [-3.46225591e-02  6.80087440e-04  9.99400228e-01]], FoVx=1.3052592610252176, FoVy=0.808407483219487, image_name=109)
Camera(uid=12, colmap_id=1, position=[-1.99875308 -1.53853209 -0.21341693], rotation=[[ 0.99892419 -0.02707834  0.037646  ]
 [ 0.02685199  0.99961825  0.00650523]
 [-0.03780778 -0.00548736  0.99926996]], FoVx=1.3052592610252176, FoVy=0.808407483219487, image_name=11)
Camera(uid=13, colmap_id=1, position=[-1.2760309  -4.57944777 -0.37230729], rotation=[[ 9.93068979e-01 -1.11721583e-01  3.65005558e-02]
 [ 1.11624669e-01  9.93739377e-01  4.68871221e-03]
 [-3.67958699e-02 -5.81852195e-04  9.99322633e-01]], FoVx=1.3052592610252176, FoVy=0.808407483219487, image_name=110)
Camera(uid=14, colmap_id=1, position=[-1.02900938 -4.73468368 -0.37626275], rotation=[[ 0.99593521 -0.08045361  0.04050023]
 [ 0.08031538  0.9967568   0.00503119]
 [-0.04077365 -0.00175795  0.99916686]], FoVx=1.3052592610252176, FoVy=0.808407483219487, image_name=111)
Camera(uid=15, colmap_id=1, position=[-0.86221413 -4.83240284 -0.36530031], rotation=[[ 9.96319801e-01 -7.45570448e-02  4.22859394e-02]
 [ 7.45104584e-02  9.97216634e-01  2.67890923e-03]
 [-4.23679737e-02  4.81694413e-04  9.99101958e-01]], FoVx=1.3052592610252176, FoVy=0.808407483219487, image_name=112)
Camera(uid=16, colmap_id=1, position=[-0.69108369 -4.91073455 -0.34387564], rotation=[[ 9.96639231e-01 -6.98067400e-02  4.28632926e-02]
 [ 6.98980537e-02  9.97553939e-01 -6.33505005e-04]
 [-4.27142234e-02  3.62743667e-03  9.99080746e-01]], FoVx=1.3052592610252176, FoVy=0.808407483219487, image_name=113)
Camera(uid=17, colmap_id=1, position=[-0.31640665 -4.94372392 -0.28826712], rotation=[[ 0.99905252 -0.01959615  0.03885947]
 [ 0.01984332  0.99978519 -0.00598491]
 [-0.03873385  0.00675034  0.99922676]], FoVx=1.3052592610252176, FoVy=0.808407483219487, image_name=114)
Camera(uid=18, colmap_id=1, position=[-0.24653528 -4.79082241 -0.27043315], rotation=[[ 9.99414400e-01 -9.10509642e-04  3.42056744e-02]
 [ 1.16716915e-03  9.99971312e-01 -7.48420073e-03]
 [-3.41978787e-02  7.51974179e-03  9.99386791e-01]], FoVx=1.3052592610252176, FoVy=0.808407483219487, image_name=115)
Camera(uid=19, colmap_id=1, position=[-0.14436909 -4.64040284 -0.25914019], rotation=[[ 0.9991409   0.02748509  0.03101653]
 [-0.02722931  0.99959188 -0.00863914]
 [-0.03124132  0.00778716  0.99948154]], FoVx=1.3052592610252176, FoVy=0.808407483219487, image_name=116)
Camera(uid=20, colmap_id=1, position=[-0.10215581 -4.47674569 -0.26241338], rotation=[[ 0.99851899  0.04273003  0.0336744 ]
 [-0.04251136  0.99907016 -0.00718332]
 [-0.03395003  0.00574114  0.99940704]], FoVx=1.3052592610252176, FoVy=0.808407483219487, image_name=117)
Camera(uid=21, colmap_id=1, position=[-0.13978981 -4.30566857 -0.25876555], rotation=[[ 0.99861202  0.04196328  0.03182943]
 [-0.04177204  0.99910504 -0.00664997]
 [-0.03208     0.00531116  0.99947119]], FoVx=1.3052592610252176, FoVy=0.808407483219487, image_name=118)
Camera(uid=22, colmap_id=1, position=[-0.2041301  -4.14207928 -0.25835398], rotation=[[ 0.99887987  0.03488415  0.03197041]
 [-0.03474473  0.99938418 -0.00490639]
 [-0.03212188  0.00379009  0.99947677]], FoVx=1.3052592610252176, FoVy=0.808407483219487, image_name=119)
Camera(uid=23, colmap_id=1, position=[-2.06085788 -1.3869101  -0.20521364], rotation=[[ 0.99883504 -0.02954334  0.03815423]
 [ 0.02931073  0.99954828  0.00664167]
 [-0.03833322 -0.00551561  0.99924979]], FoVx=1.3052592610252176, FoVy=0.808407483219487, image_name=12)
Camera(uid=24, colmap_id=1, position=[-0.27454439 -3.97189208 -0.2622134 ], rotation=[[ 0.99905544  0.02711995  0.03395183]
 [-0.02706714  0.99963159 -0.00201429]
 [-0.03399395  0.0010934   0.99942144]], FoVx=1.3052592610252176, FoVy=0.808407483219487, image_name=120)
Camera(uid=25, colmap_id=1, position=[-0.34715428 -3.79994897 -0.26336792], rotation=[[ 9.99138559e-01  1.91238315e-02  3.68295955e-02]
 [-1.91453590e-02  9.99816684e-01  2.31894114e-04]
 [-3.68184094e-02 -9.36810178e-04  9.99321533e-01]], FoVx=1.3052592610252176, FoVy=0.808407483219487, image_name=121)
Camera(uid=26, colmap_id=1, position=[-0.40753615 -3.64019252 -0.25707782], rotation=[[ 9.99110937e-01  1.30533959e-02  4.00867191e-02]
 [-1.30952965e-02  9.99913946e-01  7.82837675e-04]
 [-4.00730508e-02 -1.30708916e-03  9.99195898e-01]], FoVx=1.3052592610252176, FoVy=0.808407483219487, image_name=122)
Camera(uid=27, colmap_id=1, position=[-0.46368955 -3.45925683 -0.24662796], rotation=[[ 0.99899584  0.00888422  0.04391329]
 [-0.00894295  0.99995936  0.00114113]
 [-0.04390137 -0.0015327   0.99903469]], FoVx=1.3052592610252176, FoVy=0.808407483219487, image_name=123)
Camera(uid=28, colmap_id=1, position=[-0.52210603 -3.27022503 -0.23610538], rotation=[[ 0.99889184  0.00503825  0.04679439]
 [-0.00511807  0.99998564  0.00158607]
 [-0.04678573 -0.00182381  0.99890328]], FoVx=1.3052592610252176, FoVy=0.808407483219487, image_name=124)
Camera(uid=29, colmap_id=1, position=[-0.57329432 -3.08378681 -0.22964912], rotation=[[ 0.99880218  0.00442759  0.04872988]
 [-0.00457514  0.99998528  0.00291684]
 [-0.04871625 -0.00313629  0.99880773]], FoVx=1.3052592610252176, FoVy=0.808407483219487, image_name=125)
Camera(uid=30, colmap_id=1, position=[-0.6223208  -2.91639368 -0.22842894], rotation=[[ 0.99868335  0.00388117  0.05115178]
 [-0.00415906  0.99997716  0.00532746]
 [-0.05112994 -0.00553319  0.99867668]], FoVx=1.3052592610252176, FoVy=0.808407483219487, image_name=126)
Camera(uid=31, colmap_id=1, position=[-0.69007606 -2.69332099 -0.22427251], rotation=[[ 0.99860127  0.00351361  0.05275564]
 [-0.00395557  0.99995793  0.00827543]
 [-0.05272434 -0.00847253  0.99857316]], FoVx=1.3052592610252176, FoVy=0.808407483219487, image_name=127)
Camera(uid=32, colmap_id=1, position=[-0.7500018  -2.50733134 -0.21747634], rotation=[[ 0.99854901  0.0029075   0.05377187]
 [-0.00347959  0.99993831  0.01054866]
 [-0.05373789 -0.01072046  0.99849753]], FoVx=1.3052592610252176, FoVy=0.808407483219487, image_name=128)
Camera(uid=33, colmap_id=1, position=[-0.80195204 -2.339649   -0.2088013 ], rotation=[[ 0.9985178   0.00187825  0.05439376]
 [-0.00252955  0.9999259   0.0119074 ]
 [-0.05436736 -0.01202734  0.99844856]], FoVx=1.3052592610252176, FoVy=0.808407483219487, image_name=129)
Camera(uid=34, colmap_id=1, position=[-2.12472181 -1.22575663 -0.19564167], rotation=[[ 0.99875598 -0.03193336  0.03829823]
 [ 0.03167317  0.99947102  0.00738136]
 [-0.03851368 -0.00615915  0.99923909]], FoVx=1.3052592610252176, FoVy=0.808407483219487, image_name=13)
Camera(uid=35, colmap_id=1, position=[-0.83990253 -2.14807729 -0.19564443], rotation=[[ 0.99847079  0.00206349  0.05524337]
 [-0.00280415  0.99990718  0.01333302]
 [-0.05521073 -0.01346754  0.99838389]], FoVx=1.3052592610252176, FoVy=0.808407483219487, image_name=130)
Camera(uid=36, colmap_id=1, position=[-0.86571776 -1.95784234 -0.17964314], rotation=[[ 9.98450739e-01  6.85211056e-04  5.56385921e-02]
 [-1.48384386e-03  9.99896450e-01  1.43138937e-02]
 [-5.56230226e-02 -1.43742767e-02  9.98348366e-01]], FoVx=1.3052592610252176, FoVy=0.808407483219487, image_name=131)
Camera(uid=37, colmap_id=1, position=[-0.88943776 -1.7546475  -0.1665407 ], rotation=[[ 9.98408012e-01 -7.23398103e-04  5.63996310e-02]
 [-1.78493207e-04  9.99872225e-01  1.59844081e-02]
 [-5.64039876e-02 -1.59690281e-02  9.98280311e-01]], FoVx=1.3052592610252176, FoVy=0.808407483219487, image_name=132)
Camera(uid=38, colmap_id=1, position=[-0.90816366 -1.58153081 -0.15655712], rotation=[[ 9.98348535e-01 -1.29362954e-03  5.74328308e-02]
 [ 3.19328447e-04  9.99855946e-01  1.69701212e-02]
 [-5.74465104e-02 -1.69237557e-02  9.98205132e-01]], FoVx=1.3052592610252176, FoVy=0.808407483219487, image_name=133)
Camera(uid=39, colmap_id=1, position=[-0.92131541 -1.38474249 -0.14427501], rotation=[[ 0.99826877  0.0011469   0.05880603]
 [-0.00215347  0.99985221  0.0170563 ]
 [-0.05877778 -0.01715341  0.99812371]], FoVx=1.3052592610252176, FoVy=0.808407483219487, image_name=134)
Camera(uid=40, colmap_id=1, position=[-0.92837568 -1.18419482 -0.13084863], rotation=[[ 0.99816158  0.00419006  0.0604641 ]
 [-0.00516379  0.99985935  0.01595692]
 [-0.06038874 -0.01623981  0.99804282]], FoVx=1.3052592610252176, FoVy=0.808407483219487, image_name=135)
Camera(uid=41, colmap_id=1, position=[-0.94028118 -0.98982158 -0.11184427], rotation=[[ 0.99823796  0.00418458  0.05919011]
 [-0.00501959  0.99988988  0.01396563]
 [-0.05912515 -0.01423814  0.99814903]], FoVx=1.3052592610252176, FoVy=0.808407483219487, image_name=136)
Camera(uid=42, colmap_id=1, position=[-0.95879498 -0.81789131 -0.09156287], rotation=[[ 0.99830113  0.00331541  0.05817095]
 [-0.00403903  0.99991587  0.01232633]
 [-0.05812519 -0.01254035  0.99823054]], FoVx=1.3052592610252176, FoVy=0.808407483219487, image_name=137)
Camera(uid=43, colmap_id=1, position=[-0.96872823 -0.62051949 -0.07386871], rotation=[[ 0.99832617  0.00582759  0.05754034]
 [-0.00649974  0.99991274  0.01150103]
 [-0.0574683  -0.01185577  0.99827693]], FoVx=1.3052592610252176, FoVy=0.808407483219487, image_name=138)
Camera(uid=44, colmap_id=1, position=[-0.980305   -0.3988242  -0.05652481], rotation=[[ 0.99839499  0.00782915  0.05609053]
 [-0.00847339  0.99990073  0.01125716]
 [-0.05599683 -0.01171437  0.99836222]], FoVx=1.3052592610252176, FoVy=0.808407483219487, image_name=139)
Camera(uid=45, colmap_id=1, position=[-2.18008035 -1.07881676 -0.18599175], rotation=[[ 0.9987421  -0.03226472  0.03838235]
 [ 0.03199211  0.99945849  0.00769567]
 [-0.03860987 -0.00645805  0.99923349]], FoVx=1.3052592610252176, FoVy=0.808407483219487, image_name=14)
Camera(uid=46, colmap_id=1, position=[-0.99755484 -0.17208946 -0.04201974], rotation=[[ 0.99847239  0.00985254  0.05436749]
 [-0.01045621  0.99988668  0.01083039]
 [-0.05425462 -0.01138232  0.99846226]], FoVx=1.3052592610252176, FoVy=0.808407483219487, image_name=140)
Camera(uid=47, colmap_id=1, position=[-1.01548215 -0.00330875 -0.03097407], rotation=[[ 0.99855733  0.00914449  0.0529116 ]
 [-0.00971198  0.99989794  0.01047803]
 [-0.05281039 -0.01097679  0.99854423]], FoVx=1.3052592610252176, FoVy=0.808407483219487, image_name=141)
Camera(uid=48, colmap_id=1, position=[-1.03743929  0.20970026 -0.01314348], rotation=[[ 0.99874055  0.00661016  0.04973541]
 [-0.00721456  0.99990218  0.01198252]
 [-0.04965133 -0.01232625  0.99869055]], FoVx=1.3052592610252176, FoVy=0.808407483219487, image_name=142)
Camera(uid=49, colmap_id=1, position=[-1.06221025  0.38467329  0.00417631], rotation=[[ 0.99886197  0.0051179   0.04741909]
 [-0.00573574  0.99990031  0.01290233]
 [-0.04734833 -0.01315963  0.99879175]], FoVx=1.3052592610252176, FoVy=0.808407483219487, image_name=143)
Camera(uid=50, colmap_id=1, position=[-1.10004528  0.59329513  0.02197083], rotation=[[ 0.99894119  0.00370994  0.04585566]
 [-0.00435973  0.99989139  0.01407835]
 [-0.04579845 -0.01426337  0.99884887]], FoVx=1.3052592610252176, FoVy=0.808407483219487, image_name=144)
Camera(uid=51, colmap_id=1, position=[-1.13803766  0.77020589  0.03487322], rotation=[[ 0.99899907  0.0017067   0.04469833]
 [-0.00232995  0.99990074  0.01389507]
 [-0.04467018 -0.01398531  0.99890389]], FoVx=1.3052592610252176, FoVy=0.808407483219487, image_name=145)
Camera(uid=52, colmap_id=1, position=[-1.1811198   0.95317291  0.0506182 ], rotation=[[ 0.99904145  0.00115481  0.04375889]
 [-0.00179203  0.99989289  0.01452569]
 [-0.04373743 -0.01459018  0.99893652]], FoVx=1.3052592610252176, FoVy=0.808407483219487, image_name=146)
Camera(uid=53, colmap_id=1, position=[-1.22429801  1.15423328  0.06755077], rotation=[[ 9.99032229e-01  5.77652276e-04  4.39803487e-02]
 [-1.21102865e-03  9.99895926e-01  1.43760682e-02]
 [-4.39674671e-02 -1.44154169e-02  9.98928955e-01]], FoVx=1.3052592610252176, FoVy=0.808407483219487, image_name=147)
Camera(uid=54, colmap_id=1, position=[-1.26624995  1.33729606  0.08337697], rotation=[[ 9.99126700e-01  8.46259848e-04  4.17746521e-02]
 [-1.45970635e-03  9.99891525e-01  1.46563409e-02]
 [-4.17577175e-02 -1.47045202e-02  9.99019554e-01]], FoVx=1.3052592610252176, FoVy=0.808407483219487, image_name=148)
Camera(uid=55, colmap_id=1, position=[-1.30861035  1.53443221  0.10073697], rotation=[[ 0.99916273  0.003087    0.04079586]
 [-0.00367405  0.99989067  0.01432276]
 [-0.04074719 -0.01446066  0.99906484]], FoVx=1.3052592610252176, FoVy=0.808407483219487, image_name=149)
Camera(uid=56, colmap_id=1, position=[-2.23839242 -0.92022008 -0.17613985], rotation=[[ 0.99869277 -0.03298957  0.03904404]
 [ 0.03273738  0.9994389   0.00708117]
 [-0.03925574 -0.00579372  0.9992124 ]], FoVx=1.3052592610252176, FoVy=0.808407483219487, image_name=15)
Camera(uid=57, colmap_id=1, position=[-1.33378875  1.7351959   0.11590322], rotation=[[ 0.99911999  0.0047898   0.04166907]
 [-0.00542647  0.99987006  0.0151795 ]
 [-0.04159095 -0.01539225  0.99901615]], FoVx=1.3052592610252176, FoVy=0.808407483219487, image_name=150)
Camera(uid=58, colmap_id=1, position=[-1.35052607  1.92301843  0.12885064], rotation=[[ 0.99907327  0.00868387  0.04215669]
 [-0.00936564  0.9998281   0.01600192]
 [-0.04201049 -0.01638192  0.99898286]], FoVx=1.3052592610252176, FoVy=0.808407483219487, image_name=151)
Camera(uid=59, colmap_id=1, position=[-1.35959805  2.09696216  0.14374164], rotation=[[ 0.99903485  0.01177369  0.04231726]
 [-0.01251246  0.99977316  0.01723565]
 [-0.04210473 -0.0177485   0.99895555]], FoVx=1.3052592610252176, FoVy=0.808407483219487, image_name=152)
Camera(uid=60, colmap_id=1, position=[-1.35729414  2.25875033  0.15613057], rotation=[[ 0.99901723  0.01336955  0.04225901]
 [-0.01411701  0.99974827  0.01743889]
 [-0.04201522 -0.01801833  0.99895448]], FoVx=1.3052592610252176, FoVy=0.808407483219487, image_name=153)
Camera(uid=61, colmap_id=1, position=[-1.34807293  2.42087006  0.1695355 ], rotation=[[ 0.99896796  0.0145741   0.04301881]
 [-0.01535058  0.99972417  0.01777507]
 [-0.04274789 -0.01841708  0.99891613]], FoVx=1.3052592610252176, FoVy=0.808407483219487, image_name=154)
Camera(uid=62, colmap_id=1, position=[-1.33245179  2.58279228  0.18782557], rotation=[[ 0.99898224  0.01370881  0.04297158]
 [-0.01452274  0.99971992  0.01868632]
 [-0.04270338 -0.01929137  0.99890153]], FoVx=1.3052592610252176, FoVy=0.808407483219487, image_name=155)
Camera(uid=63, colmap_id=1, position=[-1.3161056   2.76698386  0.21047848], rotation=[[ 0.99902496  0.01368732  0.04197373]
 [-0.01452542  0.99969987  0.01972766]
 [-0.04169111 -0.02031811  0.99892393]], FoVx=1.3052592610252176, FoVy=0.808407483219487, image_name=156)
Camera(uid=64, colmap_id=1, position=[-1.29720442  2.97050021  0.23253219], rotation=[[ 0.99908131  0.01430483  0.04039683]
 [-0.0151737   0.99965831  0.02128432]
 [-0.04007856 -0.02187774  0.99895699]], FoVx=1.3052592610252176, FoVy=0.808407483219487, image_name=157)
Camera(uid=65, colmap_id=1, position=[-1.28139777  3.14915308  0.24469714], rotation=[[ 0.99906079  0.0154346   0.04048841]
 [-0.01631303  0.9996367   0.02145585]
 [-0.04014254 -0.02209619  0.99894962]], FoVx=1.3052592610252176, FoVy=0.808407483219487, image_name=158)
Camera(uid=66, colmap_id=1, position=[-1.26045161  3.34314724  0.26725848], rotation=[[ 0.99914467  0.01128524  0.03978159]
 [-0.01221264  0.99965748  0.02314674]
 [-0.03950675 -0.02361278  0.99894027]], FoVx=1.3052592610252176, FoVy=0.808407483219487, image_name=159)
Camera(uid=67, colmap_id=1, position=[-2.29215153 -0.7735974  -0.16843541], rotation=[[ 0.99865547 -0.03219429  0.0406298 ]
 [ 0.03195838  0.99946843  0.00644281]
 [-0.04081562 -0.00513568  0.9991535 ]], FoVx=1.3052592610252176, FoVy=0.808407483219487, image_name=16)
Camera(uid=68, colmap_id=1, position=[-1.25168414  3.56033778  0.28880222], rotation=[[ 0.99922558  0.00106722  0.03933314]
 [-0.0020262   0.99970146  0.02434934]
 [-0.03929541 -0.02441018  0.99892943]], FoVx=1.3052592610252176, FoVy=0.808407483219487, image_name=160)
Camera(uid=69, colmap_id=1, position=[-1.26718308  3.77251404  0.30837828], rotation=[[ 0.99923413 -0.00770014  0.03836484]
 [ 0.00671913  0.99964881  0.02563406]
 [-0.03854875 -0.02535665  0.99893495]], FoVx=1.3052592610252176, FoVy=0.808407483219487, image_name=161)
Camera(uid=70, colmap_id=1, position=[-1.31630068  3.96459147  0.32964706], rotation=[[ 0.99930972 -0.00851452  0.03616043]
 [ 0.00753305  0.99960184  0.02719223]
 [-0.03637756 -0.02690106  0.99897598]], FoVx=1.3052592610252176, FoVy=0.808407483219487, image_name=162)
Camera(uid=71, colmap_id=1, position=[-1.36521774  4.11867651  0.34462301], rotation=[[ 0.99932972 -0.00842576  0.03562468]
 [ 0.0074311   0.99958138  0.02796138]
 [-0.03584536 -0.0276779   0.998974  ]], FoVx=1.3052592610252176, FoVy=0.808407483219487, image_name=163)
Camera(uid=72, colmap_id=1, position=[-1.42086074  4.26953934  0.35856749], rotation=[[ 0.99934345 -0.00749766  0.03544653]
 [ 0.00648291  0.99956829  0.02865663]
 [-0.03564608 -0.02840802  0.99896063]], FoVx=1.3052592610252176, FoVy=0.808407483219487, image_name=164)
Camera(uid=73, colmap_id=1, position=[-1.47298466  4.42066969  0.37254347], rotation=[[ 0.99935804 -0.00713427  0.03510861]
 [ 0.00612388  0.99956635  0.02880286]
 [-0.03529887 -0.02856937  0.99896836]], FoVx=1.3052592610252176, FoVy=0.808407483219487, image_name=165)
Camera(uid=74, colmap_id=1, position=[-1.5414659   4.59754602  0.38960187], rotation=[[ 0.99935062 -0.00435742  0.03576798]
 [ 0.0033078   0.99956366  0.02935214]
 [-0.03588027 -0.02921477  0.99892898]], FoVx=1.3052592610252176, FoVy=0.808407483219487, image_name=166)
Camera(uid=75, colmap_id=1, position=[-1.60440577  4.74271574  0.40147023], rotation=[[ 9.99336285e-01 -4.18934249e-04  3.64254464e-02]
 [-6.58640466e-04  9.99562614e-01  2.95659885e-02]
 [-3.64219006e-02 -2.95703564e-02  9.98898913e-01]], FoVx=1.3052592610252176, FoVy=0.808407483219487, image_name=167)
Camera(uid=76, colmap_id=1, position=[-1.56843712  4.92225843  0.4170336 ], rotation=[[ 0.99919826 -0.01618853  0.03661663]
 [ 0.01510462  0.99944511  0.02968704]
 [-0.03707691 -0.02911016  0.99888833]], FoVx=1.3052592610252176, FoVy=0.808407483219487, image_name=168)
Camera(uid=77, colmap_id=1, position=[-1.67678721  5.05787091  0.42805439], rotation=[[ 9.99243156e-01 -9.48191902e-04  3.88872303e-02]
 [-1.72093591e-04  9.99585320e-01  2.87951093e-02]
 [-3.88984078e-02 -2.87800082e-02  9.98828626e-01]], FoVx=1.3052592610252176, FoVy=0.808407483219487, image_name=169)
Camera(uid=78, colmap_id=2, position=[-2.33923114 -0.63175987 -0.16715793], rotation=[[ 0.99855193 -0.03138986  0.04368899]
 [ 0.03125681  0.99950444  0.00372524]
 [-0.04378427 -0.00235427  0.99903824]], FoVx=1.305705673229282, FoVy=0.8108592186029485, image_name=17)
Camera(uid=79, colmap_id=2, position=[-1.41155383  5.21847319  0.42662971], rotation=[[ 0.99865207 -0.0315222   0.04123573]
 [ 0.03045759  0.99919272  0.02619612]
 [-0.0420282  -0.02490487  0.99880598]], FoVx=1.305705673229282, FoVy=0.8108592186029485, image_name=170)
Camera(uid=80, colmap_id=2, position=[-1.21542844  5.27013766  0.42269099], rotation=[[ 0.99831686 -0.03884853  0.04306087]
 [ 0.03775838  0.99895256  0.0258475 ]
 [-0.0440199  -0.02417809  0.99873804]], FoVx=1.305705673229282, FoVy=0.8108592186029485, image_name=171)
Camera(uid=81, colmap_id=2, position=[-1.07990858  5.28643008  0.40533611], rotation=[[ 0.99846133 -0.03311421  0.04447948]
 [ 0.03214132  0.999232    0.02241289]
 [-0.0451875  -0.02094878  0.99875885]], FoVx=1.305705673229282, FoVy=0.8108592186029485, image_name=172)
Camera(uid=82, colmap_id=2, position=[-0.95011497  5.28718527  0.38909159], rotation=[[ 0.99863012 -0.02632986  0.04521759]
 [ 0.02548479  0.99949148  0.01916514]
 [-0.04569921 -0.01798652  0.99879331]], FoVx=1.305705673229282, FoVy=0.8108592186029485, image_name=173)
Camera(uid=83, colmap_id=2, position=[-0.8073849   5.2850012   0.36985232], rotation=[[ 0.99870527 -0.0221825   0.04577906]
 [ 0.02149013  0.99964795  0.01556135]
 [-0.04610813 -0.0145574   0.99883038]], FoVx=1.305705673229282, FoVy=0.8108592186029485, image_name=174)
Camera(uid=84, colmap_id=2, position=[-0.69556586  5.27795555  0.35723713], rotation=[[ 0.99891065 -0.01317865  0.04476424]
 [ 0.0126346   0.9998431   0.01241503]
 [-0.04492083 -0.01183592  0.99892043]], FoVx=1.305705673229282, FoVy=0.8108592186029485, image_name=175)
Camera(uid=85, colmap_id=2, position=[-0.49769791  5.26496907  0.34947079], rotation=[[ 0.99875702 -0.01975753  0.04576091]
 [ 0.01928656  0.99975663  0.01071062]
 [-0.04596139 -0.00981474  0.998895  ]], FoVx=1.305705673229282, FoVy=0.8108592186029485, image_name=176)
Camera(uid=86, colmap_id=2, position=[-0.2371882   5.1603107   0.33579802], rotation=[[ 0.99774836 -0.05060528  0.04401499]
 [ 0.05031809  0.99870426  0.00760924]
 [-0.04434303 -0.00537736  0.99900189]], FoVx=1.305705673229282, FoVy=0.8108592186029485, image_name=177)
Camera(uid=87, colmap_id=2, position=[-0.29000861  4.99266897  0.30722311], rotation=[[ 0.99832694 -0.03404021  0.04673963]
 [ 0.03391553  0.99941872  0.00345823]
 [-0.04683018 -0.00186724  0.99890112]], FoVx=1.305705673229282, FoVy=0.8108592186029485, image_name=178)
Camera(uid=88, colmap_id=2, position=[-0.41827946  4.80749324  0.2956727 ], rotation=[[ 0.99868365 -0.00701703  0.05081068]
 [ 0.00685731  0.99997099  0.00331725]
 [-0.05083248 -0.00296446  0.99870279]], FoVx=1.305705673229282, FoVy=0.8108592186029485, image_name=179)
Camera(uid=89, colmap_id=2, position=[-2.38498194 -0.48937818 -0.16047202], rotation=[[ 0.99862664 -0.0270755   0.04485259]
 [ 0.02699068  0.99963257  0.00249574]
 [-0.04490369 -0.00128171  0.9989905 ]], FoVx=1.305705673229282, FoVy=0.8108592186029485, image_name=18)
Camera(uid=90, colmap_id=2, position=[-0.38380275  4.64479186  0.29182806], rotation=[[ 0.9985102  -0.01419042  0.05268795]
 [ 0.01391231  0.9998873   0.0056414 ]
 [-0.05276207 -0.00489998  0.99859509]], FoVx=1.305705673229282, FoVy=0.8108592186029485, image_name=180)
Camera(uid=91, colmap_id=2, position=[-0.33648     4.48626597  0.29641976], rotation=[[ 0.99837955 -0.0244838   0.05136941]
 [ 0.02399735  0.99966135  0.01006527]
 [-0.05159845 -0.00881623  0.998629  ]], FoVx=1.305705673229282, FoVy=0.8108592186029485, image_name=181)
Camera(uid=92, colmap_id=2, position=[-0.31040804  4.3182327   0.2973271 ], rotation=[[ 0.99827738 -0.02983386  0.05051944]
 [ 0.02918056  0.99948136  0.0136204 ]
 [-0.05089959 -0.01212275  0.9986302 ]], FoVx=1.305705673229282, FoVy=0.8108592186029485, image_name=182)
Camera(uid=93, colmap_id=2, position=[-0.28023749  4.09439967  0.28779915], rotation=[[ 0.99817328 -0.03508135  0.04918733]
 [ 0.03437746  0.99929508  0.01508423]
 [-0.04968183 -0.01336574  0.99867566]], FoVx=1.305705673229282, FoVy=0.8108592186029485, image_name=183)
Camera(uid=94, colmap_id=2, position=[-0.18739494  3.80866689  0.27574334], rotation=[[ 0.9973776  -0.05600577  0.04583964]
 [ 0.05524154  0.99831482  0.01777323]
 [-0.0467578  -0.01519437  0.99879069]], FoVx=1.305705673229282, FoVy=0.8108592186029485, image_name=184)
Camera(uid=95, colmap_id=2, position=[-0.09758418  3.50259024  0.25677561], rotation=[[ 0.9964206  -0.07224537  0.0438931 ]
 [ 0.07146286  0.99725952  0.01914443]
 [-0.0451559  -0.01593918  0.99885279]], FoVx=1.305705673229282, FoVy=0.8108592186029485, image_name=185)
Camera(uid=96, colmap_id=2, position=[-0.01441909  3.17723581  0.24814841], rotation=[[ 0.99578104 -0.08356331  0.03791178]
 [ 0.08274772  0.99631429  0.02259745]
 [-0.03966036 -0.019365    0.99902555]], FoVx=1.305705673229282, FoVy=0.8108592186029485, image_name=186)
Camera(uid=97, colmap_id=2, position=[0.0179176  3.06366918 0.24232596], rotation=[[ 0.99540233 -0.08800484  0.03780683]
 [ 0.08717472  0.99592577  0.02307439]
 [-0.03968345 -0.0196725   0.99901863]], FoVx=1.305705673229282, FoVy=0.8108592186029485, image_name=187)
Camera(uid=98, colmap_id=2, position=[0.10417934 2.74420607 0.22756646], rotation=[[ 0.9949382  -0.09406955  0.03533963]
 [ 0.09322837  0.99533722  0.0247444 ]
 [-0.03750254 -0.0213245   0.99906898]], FoVx=1.305705673229282, FoVy=0.8108592186029485, image_name=188)
Camera(uid=99, colmap_id=2, position=[0.19089022 2.39904244 0.21384047], rotation=[[ 0.99502996 -0.09309854  0.03532765]
 [ 0.09216367  0.99537145  0.02723103]
 [-0.0376993  -0.02383976  0.99900472]], FoVx=1.305705673229282, FoVy=0.8108592186029485, image_name=189)
Camera(uid=100, colmap_id=2, position=[-2.42715876 -0.349      -0.15534051], rotation=[[ 9.98658095e-01 -2.30372474e-02  4.63820591e-02]
 [ 2.30042487e-02  9.99734592e-01  1.24517847e-03]
 [-4.63984344e-02 -1.76523138e-04  9.98922997e-01]], FoVx=1.305705673229282, FoVy=0.8108592186029485, image_name=19)
Camera(uid=101, colmap_id=2, position=[0.27563126 2.09550668 0.19364312], rotation=[[ 0.99455452 -0.09862603  0.03367794]
 [ 0.09769191  0.99481304  0.0283428 ]
 [-0.03629859 -0.0248984   0.99903077]], FoVx=1.305705673229282, FoVy=0.8108592186029485, image_name=190)
Camera(uid=102, colmap_id=2, position=[0.30882467 1.71334339 0.15637637], rotation=[[ 0.99402797 -0.10473686  0.03063637]
 [ 0.10389096  0.99419408  0.02801423]
 [-0.03339262 -0.02466408  0.99913794]], FoVx=1.305705673229282, FoVy=0.8108592186029485, image_name=191)
Camera(uid=103, colmap_id=2, position=[0.25388074 1.29846256 0.11366798], rotation=[[ 0.99475139 -0.09682728  0.03307802]
 [ 0.09594121  0.99500973  0.0274029 ]
 [-0.0355663  -0.02408553  0.99907704]], FoVx=1.305705673229282, FoVy=0.8108592186029485, image_name=192)
Camera(uid=104, colmap_id=2, position=[0.19403336 0.93075625 0.07595706], rotation=[[ 0.99561312 -0.08624512  0.03628084]
 [ 0.08536002  0.99602945  0.02527849]
 [-0.03831693 -0.02207066  0.99902187]], FoVx=1.305705673229282, FoVy=0.8108592186029485, image_name=193)
Camera(uid=105, colmap_id=2, position=[0.12260886 0.50060045 0.03985158], rotation=[[ 0.99620449 -0.07784288  0.03894994]
 [ 0.07699162  0.99676872  0.02289994]
 [-0.04060668 -0.01981421  0.99897873]], FoVx=1.305705673229282, FoVy=0.8108592186029485, image_name=194)
Camera(uid=106, colmap_id=2, position=[0.04463914 0.05265126 0.00525644], rotation=[[ 0.9970511  -0.06675283  0.03785727]
 [ 0.06577591  0.99748273  0.02649034]
 [-0.03953028 -0.02392213  0.99893197]], FoVx=1.305705673229282, FoVy=0.8108592186029485, image_name=195)
Camera(uid=107, colmap_id=2, position=[-0.02349096 -0.33778395 -0.02949571], rotation=[[ 0.99705807 -0.06816095  0.03506129]
 [ 0.06725544  0.99738674  0.02638923]
 [-0.03676839 -0.02395353  0.99903669]], FoVx=1.305705673229282, FoVy=0.8108592186029485, image_name=196)
Camera(uid=108, colmap_id=2, position=[-0.08820361 -0.68938535 -0.06405736], rotation=[[ 0.99698642 -0.07003238  0.03336994]
 [ 0.06912623  0.99722669  0.02757707]
 [-0.03520868 -0.02518723  0.99906254]], FoVx=1.305705673229282, FoVy=0.8108592186029485, image_name=197)
Camera(uid=109, colmap_id=2, position=[-0.1597266  -1.04736792 -0.10090737], rotation=[[ 0.99692203 -0.07299944  0.02859263]
 [ 0.07212597  0.99692985  0.03047477]
 [-0.03072949 -0.0283187   0.99912649]], FoVx=1.305705673229282, FoVy=0.8108592186029485, image_name=198)
Camera(uid=110, colmap_id=2, position=[-0.24372926 -1.43334555 -0.13941321], rotation=[[ 0.99659171 -0.07820588  0.02624507]
 [ 0.07743608  0.99657055  0.02916844]
 [-0.02843621 -0.02703671  0.9992299 ]], FoVx=1.305705673229282, FoVy=0.8108592186029485, image_name=199)
Camera(uid=111, colmap_id=2, position=[-1.58440393 -2.92685398 -0.27334828], rotation=[[ 0.9992042  -0.0117917   0.03810417]
 [ 0.01195499  0.99992029 -0.00406028]
 [-0.03805326  0.00451259  0.99926552]], FoVx=1.305705673229282, FoVy=0.8108592186029485, image_name=2)
Camera(uid=112, colmap_id=2, position=[-2.46355707 -0.21255191 -0.15113654], rotation=[[ 9.98694970e-01 -1.65648931e-02  4.83110891e-02]
 [ 1.65505440e-02  9.99862787e-01  6.97048608e-04]
 [-4.83160067e-02  1.03435867e-04  9.98832094e-01]], FoVx=1.305705673229282, FoVy=0.8108592186029485, image_name=20)
Camera(uid=113, colmap_id=2, position=[-0.34612223 -1.90065776 -0.18074074], rotation=[[ 0.99590795 -0.08633423  0.02671603]
 [ 0.08563247  0.99597738  0.0263844 ]
 [-0.02888644 -0.02398867  0.99929481]], FoVx=1.305705673229282, FoVy=0.8108592186029485, image_name=200)
Camera(uid=114, colmap_id=2, position=[-0.41461878 -2.2555177  -0.20609756], rotation=[[ 0.9950878  -0.09522367  0.02706873]
 [ 0.09465707  0.9952778   0.0214973 ]
 [-0.02898796 -0.01882946  0.9994024 ]], FoVx=1.305705673229282, FoVy=0.8108592186029485, image_name=201)
Camera(uid=115, colmap_id=2, position=[-0.45657237 -2.58078102 -0.23087964], rotation=[[ 0.99464217 -0.09973013  0.02721876]
 [ 0.09922098  0.99487514  0.0194591 ]
 [-0.02901993 -0.01665417  0.99944008]], FoVx=1.305705673229282, FoVy=0.8108592186029485, image_name=202)
Camera(uid=116, colmap_id=2, position=[-0.49499836 -2.92919167 -0.26259802], rotation=[[ 0.9944314  -0.10289997  0.02275502]
 [ 0.10245799  0.99454012  0.01980673]
 [-0.02466889 -0.017365    0.99954485]], FoVx=1.305705673229282, FoVy=0.8108592186029485, image_name=203)
Camera(uid=117, colmap_id=2, position=[-0.51245466 -3.23900136 -0.28745433], rotation=[[ 0.9939931  -0.10725916  0.02175315]
 [ 0.10682407  0.99407136  0.0202669 ]
 [-0.02379799 -0.01782139  0.99955793]], FoVx=1.305705673229282, FoVy=0.8108592186029485, image_name=204)
Camera(uid=118, colmap_id=2, position=[-0.51391241 -3.52944612 -0.31836175], rotation=[[ 0.99304273 -0.1159175   0.02071857]
 [ 0.1154623   0.99306899  0.0219646 ]
 [-0.02312105 -0.01941958  0.99954404]], FoVx=1.305705673229282, FoVy=0.8108592186029485, image_name=205)
Camera(uid=119, colmap_id=2, position=[-0.52935772 -3.82276737 -0.35194535], rotation=[[ 0.99068007 -0.13500144  0.01809972]
 [ 0.13456663  0.99062796  0.02341066]
 [-0.02109056 -0.02075686  0.99956207]], FoVx=1.305705673229282, FoVy=0.8108592186029485, image_name=206)
Camera(uid=120, colmap_id=2, position=[-0.43632941 -4.05891249 -0.37520288], rotation=[[ 0.99163067 -0.12783619  0.01806986]
 [ 0.12736921  0.99154054  0.02498877]
 [-0.02111146 -0.02247809  0.99952441]], FoVx=1.305705673229282, FoVy=0.8108592186029485, image_name=207)
Camera(uid=121, colmap_id=2, position=[-0.35588921 -4.2853871  -0.39212799], rotation=[[ 0.99213522 -0.12374882  0.01881335]
 [ 0.12327605  0.99206989  0.02450193]
 [-0.02169625 -0.02198999  0.99952274]], FoVx=1.305705673229282, FoVy=0.8108592186029485, image_name=208)
Camera(uid=122, colmap_id=2, position=[-0.14583339 -4.47192836 -0.40248768], rotation=[[ 0.99566921 -0.09055527  0.02103741]
 [ 0.09005007  0.99565196  0.02383612]
 [-0.02310443 -0.02183847  0.99949451]], FoVx=1.305705673229282, FoVy=0.8108592186029485, image_name=209)
Camera(uid=123, colmap_id=2, position=[-2.49865506 -0.07503571 -0.14922881], rotation=[[ 9.98657935e-01 -9.55343423e-03  5.09024546e-02]
 [ 9.53904626e-03  9.99954364e-01  5.25593626e-04]
 [-5.09051528e-02 -3.93273763e-05  9.98703491e-01]], FoVx=1.305705673229282, FoVy=0.8108592186029485, image_name=21)
Camera(uid=124, colmap_id=2, position=[ 0.11904572 -4.60385766 -0.40191227], rotation=[[ 0.99851509 -0.04959525  0.02253704]
 [ 0.04908303  0.99853581  0.02273954]
 [-0.02363182 -0.02159959  0.99948737]], FoVx=1.305705673229282, FoVy=0.8108592186029485, image_name=210)
Camera(uid=125, colmap_id=2, position=[ 0.43755388 -4.53254256 -0.35324203], rotation=[[ 0.99950027 -0.00710556  0.03080133]
 [ 0.00668603  0.99988377  0.013702  ]
 [-0.03089511 -0.01348921  0.99943161]], FoVx=1.305705673229282, FoVy=0.8108592186029485, image_name=211)
Camera(uid=126, colmap_id=2, position=[ 0.4931396  -4.36360626 -0.34128528], rotation=[[ 9.99470307e-01 -1.06540024e-03  3.25264564e-02]
 [ 6.22375951e-04  9.99906947e-01  1.36275163e-02]
 [-3.25379485e-02 -1.36000542e-02  9.99377967e-01]], FoVx=1.305705673229282, FoVy=0.8108592186029485, image_name=212)
Camera(uid=127, colmap_id=2, position=[ 0.54523491 -4.19862826 -0.33610924], rotation=[[ 9.99303459e-01  5.44300121e-04  3.73135477e-02]
 [-1.12866550e-03  9.99877025e-01  1.56416687e-02]
 [-3.73004453e-02 -1.56728881e-02  9.99181183e-01]], FoVx=1.305705673229282, FoVy=0.8108592186029485, image_name=213)
Camera(uid=128, colmap_id=2, position=[ 0.60536098 -4.04184369 -0.32250761], rotation=[[ 0.99906808 -0.00210861  0.04311051]
 [ 0.0014055   0.99986561  0.01633337]
 [-0.04313915 -0.01625756  0.99893679]], FoVx=1.305705673229282, FoVy=0.8108592186029485, image_name=214)
Camera(uid=129, colmap_id=2, position=[ 0.67018571 -3.89261583 -0.29777021], rotation=[[ 0.99892037 -0.00470893  0.04621608]
 [ 0.00402792  0.9998821   0.01481743]
 [-0.04628041 -0.01461527  0.99882156]], FoVx=1.305705673229282, FoVy=0.8108592186029485, image_name=215)
Camera(uid=130, colmap_id=2, position=[ 0.76751114 -3.74382317 -0.27250435], rotation=[[ 9.98743130e-01  7.04260672e-04  5.01165012e-02]
 [-1.35120198e-03  9.99916187e-01  1.28760395e-02]
 [-5.01032327e-02 -1.29275735e-02  9.98660375e-01]], FoVx=1.305705673229282, FoVy=0.8108592186029485, image_name=216)
Camera(uid=131, colmap_id=2, position=[ 0.86832813 -3.56728577 -0.25385174], rotation=[[ 0.99850091  0.00341404  0.05462854]
 [-0.00413683  0.99990533  0.01312341]
 [-0.05457857 -0.01332973  0.9984205 ]], FoVx=1.305705673229282, FoVy=0.8108592186029485, image_name=217)
Camera(uid=132, colmap_id=2, position=[ 0.96906435 -3.37498583 -0.23763424], rotation=[[ 0.9984736   0.004721    0.05502899]
 [-0.00549848  0.99988708  0.01398571]
 [-0.05495674 -0.01426694  0.9983868 ]], FoVx=1.305705673229282, FoVy=0.8108592186029485, image_name=218)
Camera(uid=133, colmap_id=2, position=[ 1.05028051 -3.19115843 -0.21439853], rotation=[[ 0.99850458  0.00262642  0.05460493]
 [-0.00332476  0.9999138   0.012702  ]
 [-0.05456687 -0.01286455  0.99842724]], FoVx=1.305705673229282, FoVy=0.8108592186029485, image_name=219)
Camera(uid=134, colmap_id=2, position=[-2.53456854  0.07662614 -0.14310578], rotation=[[ 9.98674993e-01 -8.33847204e-03  5.07811858e-02]
 [ 8.30231615e-03  9.99965109e-01  9.22892588e-04]
 [-5.07871095e-02 -5.00068289e-04  9.98709377e-01]], FoVx=1.305705673229282, FoVy=0.8108592186029485, image_name=22)
Camera(uid=135, colmap_id=2, position=[ 1.09709752 -2.99277523 -0.19193748], rotation=[[ 0.998517   -0.00173323  0.05441326]
 [ 0.00111166  0.99993381  0.01145129]
 [-0.0544295  -0.01137382  0.99845284]], FoVx=1.305705673229282, FoVy=0.8108592186029485, image_name=220)
Camera(uid=136, colmap_id=2, position=[ 1.09537168 -2.72089445 -0.1707787 ], rotation=[[ 0.99839271 -0.00714065  0.05622293]
 [ 0.00654389  0.99992036  0.01079116]
 [-0.05629551 -0.0104059   0.99835992]], FoVx=1.305705673229282, FoVy=0.8108592186029485, image_name=221)
Camera(uid=137, colmap_id=2, position=[ 1.08843814 -2.43151892 -0.14399915], rotation=[[ 0.99814923 -0.00866067  0.06019223]
 [ 0.00812898  0.9999258   0.00907254]
 [-0.06026633 -0.00856645  0.99814557]], FoVx=1.305705673229282, FoVy=0.8108592186029485, image_name=222)
Camera(uid=138, colmap_id=2, position=[ 1.07781864 -2.18763959 -0.12463785], rotation=[[ 0.99806951 -0.01262763  0.0608095 ]
 [ 0.01210011  0.99988597  0.00903545]
 [-0.06091666 -0.0082822   0.99810849]], FoVx=1.305705673229282, FoVy=0.8108592186029485, image_name=223)
Camera(uid=139, colmap_id=2, position=[ 1.07544105 -1.86006438 -0.10132312], rotation=[[ 0.99814648 -0.01376613  0.05927986]
 [ 0.01321648  0.99986605  0.0096541 ]
 [-0.05940482 -0.00885273  0.99819472]], FoVx=1.305705673229282, FoVy=0.8108592186029485, image_name=224)
Camera(uid=140, colmap_id=2, position=[ 1.06804261 -1.50878891 -0.08305248], rotation=[[ 0.99828454 -0.01714105  0.05598363]
 [ 0.01650422  0.99979395  0.0118179 ]
 [-0.05617467 -0.01087366  0.99836174]], FoVx=1.305705673229282, FoVy=0.8108592186029485, image_name=225)
Camera(uid=141, colmap_id=2, position=[ 1.05175045 -1.14853533 -0.05986351], rotation=[[ 0.99842658 -0.01750739  0.05327147]
 [ 0.01674973  0.99975259  0.01463597]
 [-0.05351452 -0.01372066  0.9984728 ]], FoVx=1.305705673229282, FoVy=0.8108592186029485, image_name=226)
Camera(uid=142, colmap_id=2, position=[ 1.02623847 -0.78023895 -0.0275822 ], rotation=[[ 0.99856298 -0.01494151  0.05146585]
 [ 0.01418879  0.99978741  0.01496017]
 [-0.05167843 -0.01420844  0.9985627 ]], FoVx=1.305705673229282, FoVy=0.8108592186029485, image_name=227)
Camera(uid=143, colmap_id=2, position=[ 1.00275393e+00 -4.33029233e-01  4.37694870e-04], rotation=[[ 0.99866453 -0.01283845  0.05004329]
 [ 0.01209165  0.9998114   0.01519748]
 [-0.05022897 -0.01457208  0.99863142]], FoVx=1.305705673229282, FoVy=0.8108592186029485, image_name=228)
Camera(uid=144, colmap_id=2, position=[ 0.97932429 -0.07221244  0.03058957], rotation=[[ 0.99871668 -0.01017796  0.04961253]
 [ 0.00948898  0.99985552  0.0141031 ]
 [-0.0497489  -0.01361423  0.99866896]], FoVx=1.305705673229282, FoVy=0.8108592186029485, image_name=229)
Camera(uid=145, colmap_id=2, position=[-2.56779335  0.22647516 -0.13214799], rotation=[[ 0.99875105 -0.00716748  0.04944665]
 [ 0.00707506  0.99997288  0.00204389]
